Data written below has such format:
hour(UTC), minute, second, millisecond
Temperature(°C), pressure(hPa), humidity(%), altitude(m)

0,1,32,0
11.40,997.22,49.97
0.17

0,1,33,100
11.39,997.21,49.96
0.17

0,1,33,200
11.40,997.11,49.98
0.17

0,1,33,300
11.40,997.22,49.98
0.17

0,1,33,400
11.41,997.24,49.97
0.17

0,1,33,500
11.41,997.17,49.98
0.17

0,1,33,600
11.41,997.21,49.98
0.17

0,1,33,700
11.41,997.21,49.99
0.17

0,1,33,800
11.41,997.24,49.99
0.17

0,1,33,900
11.41,997.24,49.97
0.17

0,1,33,0
11.40,997.17,50.00
0.17

0,1,34,100
11.40,997.17,49.98
0.17

0,1,34,200
11.41,997.22,49.99
0.17

0,1,34,300
11.41,997.21,50.00
0.17

0,1,34,400
11.41,997.24,49.96
0.17

0,1,34,500
11.40,997.17,49.98
0.17

0,1,34,600
11.40,997.17,49.99
0.17

0,1,34,700
11.41,997.21,49.99
0.17

0,1,34,800
11.41,997.30,50.00
0.17

0,1,34,900
11.41,997.17,50.00
0.17

0,1,34,0
11.41,997.21,49.98
0.17

0,1,35,100
11.41,997.15,49.99
0.17

0,1,35,201
11.41,997.21,49.98
0.17

0,1,35,301
11.41,997.22,49.98
0.17

0,1,35,401
11.40,997.17,49.98
0.17

0,1,35,501
11.41,997.22,49.99
0.17

0,1,35,601
11.41,997.21,49.98
0.17

0,1,35,701
11.41,997.21,49.98
0.17

0,1,35,801
11.41,997.17,49.99
0.17

0,1,35,901
11.41,997.21,49.98
0.17

0,1,35,1
11.40,997.21,49.97
0.17

0,1,36,101
11.41,997.21,49.99
0.17

0,1,36,201
11.41,997.28,49.98
0.17

0,1,36,301
11.41,997.17,49.98
0.17

0,1,36,401
11.41,997.24,49.97
0.17

0,1,36,501
11.40,997.22,49.98
0.17

0,1,36,601
11.40,997.17,49.98
0.17

0,1,36,701
11.41,997.21,49.96
0.17

0,1,36,801
11.41,997.22,49.98
0.17

0,1,36,901
11.40,997.17,49.98
0.17

0,1,36,1
11.40,997.17,49.98
0.17

0,1,37,101
11.41,997.21,49.96
0.17

0,1,37,201
11.41,997.21,49.98
0.17

0,1,37,301
11.40,997.22,49.96
0.17

0,1,37,401
11.41,997.21,49.96
0.17

0,1,37,501
11.41,997.21,49.98
0.17

0,1,37,601
11.40,997.17,49.96
0.17

0,1,37,701
11.41,997.21,49.99
0.17

0,1,37,801
11.41,997.21,49.97
0.17

0,1,37,901
11.41,997.24,49.97
0.17

0,1,37,1
11.40,997.21,49.98
0.17

0,1,38,101
11.41,997.22,49.97
0.17

0,1,38,201
11.41,997.21,49.96
0.17

0,1,38,301
11.40,997.17,49.97
0.17

0,1,38,401
11.41,997.21,49.98
0.17

0,1,38,501
11.41,997.24,49.98
0.17

0,1,38,601
11.40,997.22,49.98
0.17

0,1,38,701
11.41,997.24,49.95
0.17

0,1,38,801
11.41,997.24,49.95
0.17

0,1,38,901
11.40,997.22,49.97
0.17

0,1,38,1
11.40,997.22,49.96
0.17

0,1,39,101
11.40,997.22,49.96
0.17

0,1,39,201
11.41,997.22,49.96
0.17

0,1,39,301
11.40,997.21,49.95
0.17

0,1,39,401
11.41,997.21,49.94
0.17

0,1,39,501
11.40,997.21,49.95
0.17

0,1,39,601
11.41,997.22,49.95
0.17

0,1,39,701
11.40,997.17,49.94
0.17

0,1,39,801
11.41,997.21,49.96
0.17

0,1,39,901
11.41,997.21,49.96
0.17

0,1,39,1
11.41,997.21,49.95
0.17

0,1,40,101
11.40,997.22,49.94
0.17

0,1,40,201
11.41,997.24,49.95
0.17

0,1,40,301
11.40,997.28,49.94
0.17

0,1,40,401
11.39,997.22,49.94
0.17

0,1,40,501
11.40,997.22,49.95
0.17

0,1,40,601
11.40,997.22,49.95
0.17

0,1,40,701
11.40,997.21,49.95
0.17

0,1,40,801
11.40,997.28,49.93
0.17

0,1,40,901
11.40,997.21,49.94
0.17

0,1,40,1
11.39,997.22,49.94
0.17

0,1,41,101
11.39,997.17,49.94
0.17

0,1,41,201
11.39,997.24,49.93
0.17

0,1,41,301
11.39,997.17,49.95
0.17

0,1,41,401
11.38,997.24,49.94
0.17

0,1,41,501
11.38,997.22,49.94
0.17

0,1,41,601
11.38,997.17,49.94
0.17

0,1,41,701
11.39,997.24,49.93
0.17

0,1,41,801
11.39,997.22,49.93
0.17

0,1,41,901
11.38,997.24,49.92
0.17

0,1,41,1
11.38,997.21,49.94
0.17

0,1,42,101
11.39,997.22,49.92
0.17

0,1,42,201
11.39,997.22,49.92
0.17

0,1,42,301
11.39,997.21,49.93
0.17

0,1,42,401
11.39,997.22,49.92
0.17

0,1,42,501
11.38,997.17,49.91
0.17

0,1,42,601
11.39,997.24,49.92
0.17

0,1,42,701
11.38,997.21,49.90
0.17

0,1,42,801
11.38,997.21,49.92
0.17

0,1,42,901
11.38,997.17,49.92
0.17

0,1,42,1
11.39,997.24,49.90
0.17

0,1,43,101
11.38,997.17,49.92
0.17

0,1,43,201
11.38,997.21,49.90
0.17

0,1,43,301
11.37,997.21,49.91
0.17

0,1,43,401
11.38,997.21,49.92
0.17

0,1,43,501
11.38,997.21,49.91
0.17

0,1,43,601
11.37,997.22,49.92
0.17

0,1,43,701
11.37,997.21,49.90
0.17

0,1,43,801
11.36,997.17,49.90
0.17

0,1,43,901
11.37,997.21,49.92
0.17

0,1,43,1
11.37,997.22,49.92
0.17

0,1,44,101
11.36,997.21,49.92
0.17

0,1,44,201
11.35,997.22,49.90
0.17

0,1,44,301
11.36,997.21,49.91
0.17

0,1,44,401
11.36,997.22,49.91
0.17

0,1,44,501
11.34,997.24,49.90
0.17

0,1,44,601
11.36,997.22,49.90
0.17

0,1,44,701
11.35,997.28,49.89
0.17

0,1,44,801
11.35,997.22,49.89
0.17

0,1,44,901
11.35,997.28,49.89
0.17

0,1,44,1
11.35,997.17,49.90
0.17

0,1,45,101
11.35,997.22,49.89
0.17

0,1,45,201
11.35,997.22,49.90
0.17

0,1,45,301
11.35,997.28,49.90
0.17

0,1,45,401
11.35,997.21,49.89
0.17

0,1,45,501
11.34,997.24,49.90
0.17

0,1,45,601
11.35,997.28,49.89
0.17

0,1,45,701
11.34,997.21,49.90
0.17

0,1,45,801
11.34,997.21,49.90
0.17

0,1,45,901
11.34,997.21,49.87
0.17

0,1,45,1
11.35,997.21,49.89
0.17

0,1,46,101
11.35,997.28,49.89
0.17

0,1,46,201
11.34,997.21,49.90
0.17

0,1,46,301
11.34,997.21,49.90
0.17

0,1,46,401
11.34,997.17,49.89
0.17

0,1,46,501
11.35,997.21,49.89
0.17

0,1,46,601
11.36,997.22,49.93
0.17

0,1,46,701
11.35,997.17,49.90
0.16

0,1,46,801
11.35,997.22,49.89
0.16

0,1,46,901
11.36,997.17,49.90
0.16

0,1,46,1
11.34,997.15,49.90
0.16

0,1,47,101
11.35,997.21,49.90
0.16

0,1,47,201
11.34,997.21,49.89
0.17

0,1,47,301
11.35,997.17,49.90
0.17

0,1,47,401
11.35,997.21,49.89
0.16

0,1,47,501
11.35,997.22,49.89
0.16

0,1,47,601
11.34,997.15,49.90
0.16

0,1,47,701
11.35,997.21,49.90
0.16

0,1,47,801
11.35,997.15,49.89
0.16

0,1,47,901
11.34,997.13,49.89
0.16

0,1,47,1
11.34,997.21,49.90
0.16

0,1,48,101
11.33,997.21,49.88
0.16

0,1,48,201
11.32,997.17,49.90
0.17

0,1,48,301
11.31,997.21,49.89
0.18

0,1,48,401
11.31,997.09,49.88
0.18

0,1,48,501
11.30,997.15,49.87
0.18

0,1,48,601
11.30,997.17,49.88
0.18

0,1,48,701
11.28,997.15,49.88
0.18

0,1,48,801
11.28,997.22,49.86
0.19

0,1,48,901
11.26,997.17,49.86
0.20

0,1,49,59
11.25,997.13,49.86
0.20

0,1,49,361
11.20,997.09,49.85
0.21

0,1,49,461
11.20,997.15,49.84
0.21

0,1,49,561
11.20,997.15,49.87
0.21

0,1,49,661
11.20,997.13,49.86
0.21

0,1,49,761
11.20,997.09,49.87
0.21

0,1,49,861
11.21,997.15,49.84
0.22

0,1,49,961
11.21,997.15,49.84
0.22

0,1,50,61
11.22,997.07,49.83
0.22

0,1,50,161
11.21,997.15,49.84
0.22

0,1,50,261
11.21,997.07,49.86
0.22

0,1,50,361
11.21,997.09,49.84
0.22

0,1,50,461
11.20,997.09,49.86
0.22

0,1,50,561
11.20,997.07,49.87
0.22

0,1,50,661
11.20,997.09,49.85
0.22

0,1,50,761
11.19,997.13,49.85
0.22

0,1,50,861
11.19,997.07,49.84
0.22

0,1,50,961
11.20,997.13,49.87
0.23

0,1,51,61
11.20,997.09,49.87
0.23

0,1,51,161
11.21,997.09,49.86
0.23

0,1,51,261
11.21,997.03,49.86
0.23

0,1,51,361
11.21,997.03,49.84
0.23

0,1,51,461
11.22,997.09,49.86
0.23

0,1,51,561
11.21,997.13,49.86
0.23

0,1,51,661
11.22,997.15,49.85
0.24

0,1,51,761
11.22,997.13,49.86
0.24

0,1,51,861
11.23,997.09,49.86
0.24

0,1,51,961
11.23,997.07,49.86
0.24

0,1,52,61
11.23,997.03,49.86
0.24

0,1,52,161
11.23,997.03,49.87
0.24

0,1,52,261
11.23,997.07,49.86
0.24

0,1,52,361
11.23,997.07,49.86
0.24

0,1,52,461
11.24,997.13,49.87
0.24

0,1,52,561
11.25,997.07,49.88
0.25

0,1,52,661
11.24,997.03,49.88
0.24

0,1,52,761
11.23,997.03,49.87
0.25

0,1,52,861
11.24,997.13,49.86
0.25

0,1,52,961
11.24,997.07,49.88
0.25

0,1,53,61
11.23,997.01,49.88
0.25

0,1,53,161
11.25,997.07,49.87
0.25

0,1,53,261
11.24,997.01,49.87
0.25

0,1,53,361
11.23,997.03,49.87
0.25

0,1,53,461
11.23,997.01,49.87
0.25

0,1,53,561
11.23,997.01,49.87
0.25

0,1,53,661
11.21,997.01,49.87
0.25

0,1,53,761
11.20,997.03,49.88
0.26

0,1,53,861
11.20,997.03,49.87
0.25

0,1,53,961
11.20,997.03,49.87
0.26

0,1,54,61
11.19,997.01,49.87
0.26

0,1,54,161
11.19,997.01,49.87
0.26

0,1,54,261
11.19,997.03,49.87
0.26

0,1,54,361
11.19,997.01,49.87
0.26

0,1,54,461
11.19,997.03,49.86
0.26

0,1,54,561
11.19,997.01,49.87
0.26

0,1,54,661
11.19,996.95,49.88
0.27

0,1,54,761
11.20,997.01,49.88
0.27

0,1,54,861
11.19,997.07,49.86
0.27

0,1,54,961
11.20,996.99,49.90
0.27

0,1,55,61
11.20,997.01,49.89
0.27

0,1,55,161
11.20,997.09,49.88
0.27

0,1,55,261
11.19,996.99,49.87
0.27

0,1,55,361
11.18,997.01,49.88
0.27

0,1,55,461
11.17,997.03,49.86
0.27

0,1,55,561
11.16,996.99,49.87
0.27

0,1,55,661
11.17,997.09,49.87
0.27

0,1,55,761
11.15,997.09,49.86
0.27

0,1,55,861
11.14,997.03,49.87
0.27

0,1,55,961
11.14,997.03,49.86
0.27

0,1,56,61
11.15,997.03,49.85
0.27

0,1,56,161
11.14,997.09,49.86
0.27

0,1,56,261
11.12,997.07,49.86
0.27

0,1,56,361
11.13,997.03,49.85
0.27

0,1,56,461
11.12,997.01,49.86
0.26

0,1,56,561
11.12,997.07,49.85
0.26

0,1,56,661
11.13,997.07,49.86
0.26

0,1,56,761
11.12,997.01,49.88
0.26

0,1,56,861
11.13,997.03,49.85
0.27

0,1,56,961
11.12,997.03,49.85
0.26

0,1,57,61
11.13,997.09,49.87
0.27

0,1,57,161
11.13,996.99,49.85
0.26

0,1,57,261
11.13,997.03,49.84
0.27

0,1,57,361
11.15,997.07,49.86
0.27

0,1,57,461
11.15,997.13,49.86
0.27

0,1,57,561
11.14,997.03,49.88
0.27

0,1,57,661
11.14,997.03,49.92
0.27

0,1,57,761
11.15,997.07,49.90
0.26

0,1,57,861
11.14,997.09,49.92
0.26

0,1,57,961
11.16,997.07,49.92
0.27

0,1,58,61
11.13,997.07,49.90
0.27

0,1,58,161
11.14,997.03,49.90
0.27

0,1,58,261
11.15,997.07,49.90
0.26

0,1,58,361
11.13,996.93,49.92
0.27

0,1,58,461
11.16,997.03,49.93
0.27

0,1,58,561
11.16,997.01,49.92
0.27

0,1,58,661
11.17,997.09,49.93
0.26

0,1,58,761
11.16,997.07,49.92
0.27

0,1,58,861
11.18,997.03,49.92
0.27

0,1,58,961
11.17,997.09,49.93
0.27

0,1,59,61
11.16,997.07,49.92
0.27

0,1,59,161
11.17,997.15,49.93
0.27

0,1,59,261
11.17,997.09,49.93
0.27

0,1,59,361
11.17,997.09,49.93
0.27

0,1,59,461
11.17,997.09,49.94
0.27

0,1,59,561
11.18,997.09,49.95
0.26

0,1,59,661
11.19,997.13,49.93
0.26

0,1,59,761
11.19,997.13,49.93
0.26

0,1,59,861
11.18,997.07,49.93
0.26

0,1,59,961
11.18,997.09,49.94
0.26

0,2,0,61
11.18,997.15,49.93
0.26

0,2,0,161
11.18,997.15,49.93
0.26

0,2,0,261
11.19,997.13,49.93
0.26

0,2,0,361
11.18,997.09,49.95
0.26

0,2,0,461
11.18,997.07,49.95
0.26

0,2,0,561
11.18,997.13,49.95
0.25

0,2,0,661
11.18,997.13,49.94
0.26

0,2,0,761
11.17,997.09,49.94
0.26

0,2,0,861
11.18,997.17,49.94
0.26

0,2,0,961
11.18,997.13,49.95
0.25

0,2,1,61
11.18,997.13,49.95
0.25

0,2,1,161
11.17,997.15,49.93
0.25

0,2,1,261
11.18,997.21,49.95
0.25

0,2,1,361
11.17,997.13,49.95
0.25

0,2,58,461
11.17,997.15,49.92
0.25

0,2,58,561
11.17,997.15,49.95
0.25

0,2,58,661
11.18,997.21,49.95
0.25

0,2,58,761
11.18,997.15,49.95
0.25

0,2,58,861
11.18,997.21,49.93
0.25

0,2,58,961
11.18,997.15,49.96
0.25

0,2,58,61
11.18,997.17,49.95
0.25

0,2,58,161
11.18,997.15,49.95
0.24

0,2,58,261
11.18,997.15,49.95
0.24

0,2,58,361
11.18,997.17,49.95
0.25

0,2,58,461
11.18,997.17,49.97
0.24

0,2,58,561
11.18,997.21,49.96
0.24

0,2,58,661
11.18,997.17,49.95
0.24

0,2,58,761
11.18,997.17,49.98
0.24

0,2,58,861
11.19,997.17,49.94
0.24

0,2,58,961
11.18,997.17,49.98
0.24

0,2,58,61
11.19,997.22,49.99
0.23

0,2,58,161
11.19,997.21,50.01
0.23

0,2,58,261
11.18,997.22,49.97
0.23

0,2,58,361
11.18,997.13,49.98
0.23

0,2,58,461
11.18,997.22,50.01
0.23

0,2,58,561
11.19,997.24,50.03
0.23

0,2,58,661
11.19,997.22,50.02
0.23

0,2,58,761
11.19,997.13,50.02
0.23

0,2,58,861
11.19,997.17,50.04
0.23

0,2,58,961
11.19,997.17,50.04
0.22

0,2,58,61
11.19,997.15,50.07
0.23

0,2,58,161
11.19,997.21,50.04
0.22

0,2,58,261
11.19,997.17,50.04
0.22

0,2,58,361
11.19,997.17,50.04
0.22

0,2,58,461
11.20,997.15,50.06
0.22

0,2,58,561
11.20,997.15,50.06
0.22

0,2,58,661
11.20,997.21,50.07
0.22

0,2,58,761
11.20,997.21,50.09
0.22

0,2,58,861
11.20,997.21,50.09
0.22

0,2,58,961
11.21,997.09,50.08
0.22

0,2,58,61
11.20,997.15,50.09
0.22

0,2,58,161
11.21,997.15,50.09
0.22

0,2,58,261
11.21,997.15,50.10
0.22

0,2,58,361
11.20,997.15,50.11
0.22

0,2,58,461
11.21,997.13,50.10
0.22

0,2,58,561
11.20,997.21,50.12
0.22

0,2,58,661
11.21,997.15,50.11
0.21

0,2,58,761
11.21,997.21,50.11
0.21

0,2,58,861
11.21,997.17,50.10
0.22

0,2,58,961
11.20,997.21,50.13
0.22

0,2,58,61
11.20,997.21,50.12
0.22

0,2,58,161
11.20,997.13,50.12
0.22

0,2,58,261
11.20,997.17,50.15
0.22

0,2,58,361
11.20,997.13,50.15
0.22

0,2,58,461
11.20,997.17,50.15
0.22

0,2,58,561
11.19,997.17,50.14
0.22

0,2,58,661
11.20,997.21,50.15
0.22

0,2,58,761
11.20,997.15,50.17
0.22

0,2,58,861
11.20,997.17,50.16
0.22

0,2,58,961
11.20,997.15,50.12
0.22

0,2,58,61
11.20,997.09,50.16
0.22

0,2,58,161
11.21,997.21,50.16
0.22

0,2,58,261
11.20,997.17,50.17
0.22

0,2,58,361
11.21,997.21,50.16
0.22

0,2,58,461
11.20,997.17,50.16
0.22

0,2,58,561
11.20,997.15,50.17
0.22

0,2,58,661
11.20,997.13,50.19
0.22

0,2,58,761
11.19,997.07,50.18
0.22

0,2,58,861
11.20,997.17,50.20
0.22

0,2,58,961
11.20,997.15,50.19
0.22

0,2,58,61
11.20,997.22,50.20
0.22

0,2,58,161
11.21,997.21,50.19
0.22

0,2,58,261
11.21,997.15,50.19
0.22

0,2,58,361
11.20,997.13,50.19
0.22

0,2,58,461
11.21,997.15,50.20
0.22

0,2,58,561
11.21,997.21,50.20
0.22

0,2,58,661
11.22,997.17,50.18
0.22

0,2,58,761
11.21,997.15,50.21
0.22

0,2,58,861
11.22,997.13,50.20
0.22

0,2,58,961
11.22,997.17,50.21
0.22

0,2,58,61
11.21,997.15,50.22
0.22

0,2,58,161
11.22,997.15,50.23
0.22

0,2,58,261
11.23,997.17,50.23
0.22

0,2,58,361
11.23,997.13,50.23
0.22

0,2,58,461
11.22,997.17,50.22
0.22

0,2,58,561
11.22,997.17,50.22
0.22

0,2,58,661
11.22,997.15,50.22
0.22

0,2,58,761
11.23,997.13,50.24
0.22

0,2,58,861
11.23,997.15,50.24
0.22

0,2,58,961
11.23,997.17,50.26
0.22

0,2,58,61
11.23,997.13,50.26
0.22

0,2,58,161
11.22,997.17,50.24
0.22

0,2,58,261
11.23,997.09,50.26
0.22

0,2,58,361
11.23,997.13,50.24
0.22

0,2,59,461
11.23,997.13,50.25
0.22

0,2,58,561
11.23,997.13,50.26
0.22

0,2,58,661
11.23,997.13,50.26
0.22

0,2,58,761
11.23,997.09,50.25
0.22

0,2,58,861
11.23,997.17,50.28
0.22

0,2,58,961
11.24,997.13,50.25
0.22

0,2,58,61
11.24,997.22,50.30
0.22

0,2,58,161
11.24,997.13,50.28
0.22

0,2,58,261
11.24,997.13,50.29
0.22

0,2,58,361
11.24,997.07,50.28
0.22

0,2,58,461
11.25,997.17,50.32
0.22

0,2,58,561
11.25,997.15,50.32
0.22

0,2,58,661
11.24,997.22,50.29
0.22

0,2,58,761
11.24,997.17,50.30
0.22

0,2,58,861
11.25,997.17,50.31
0.22

0,2,58,961
11.25,997.17,50.31
0.22

0,2,58,61
11.25,997.13,50.32
0.22

0,2,58,161
11.26,997.21,50.32
0.22

0,2,58,261
11.26,997.21,50.32
0.22

0,2,58,361
11.26,997.21,50.30
0.22

0,2,58,461
11.26,997.15,50.30
0.22

0,2,58,561
11.26,997.21,50.32
0.22

0,2,58,661
11.27,997.21,50.31
0.22

0,2,58,761
11.26,997.24,50.32
0.22

0,2,58,861
11.26,997.15,50.33
0.22

0,2,58,961
11.26,997.15,50.32
0.22

0,2,58,61
11.26,997.21,50.32
0.22

0,2,58,161
11.27,997.15,50.33
0.22

0,2,58,261
11.26,997.21,50.31
0.22

0,2,58,361
11.25,997.13,50.31
0.22

0,2,58,461
11.25,997.17,50.31
0.22

0,2,58,561
11.25,997.17,50.29
0.22

0,2,58,661
11.23,997.13,50.29
0.21

0,2,58,761
11.23,997.13,50.30
0.21

0,2,58,861
11.23,997.17,50.28
0.22

0,2,58,961
11.24,997.17,50.29
0.22

0,2,58,61
11.23,997.09,50.29
0.22

0,2,58,161
11.22,997.09,50.28
0.22

0,2,58,261
11.23,997.13,50.28
0.22

0,2,58,361
11.22,997.17,50.28
0.22

0,2,58,461
11.21,997.15,50.29
0.22

0,2,58,561
11.21,997.15,50.28
0.22

0,2,58,661
11.21,997.07,50.28
0.22

0,2,58,761
11.20,997.15,50.28
0.22

0,2,58,861
11.21,997.15,50.27
0.22

0,2,58,961
11.20,997.15,50.28
0.22

0,2,58,61
11.20,997.15,50.31
0.22

0,2,58,161
11.19,997.07,50.28
0.22

0,2,58,261
11.19,997.13,50.28
0.22

0,2,58,361
11.20,997.07,50.29
0.22

0,2,58,461
11.19,997.13,50.28
0.23

0,2,59,561
11.20,997.21,50.28
0.23

0,2,59,661
11.19,997.13,50.28
0.23

0,2,59,761
11.19,997.17,50.28
0.23

0,2,59,861
11.19,997.15,50.28
0.23

0,2,59,961
11.19,997.13,50.28
0.23

0,2,59,61
11.19,997.13,50.28
0.23

0,2,59,161
11.19,997.13,50.26
0.23

0,2,59,261
11.18,997.13,50.29
0.23

0,2,59,361
11.18,997.13,50.28
0.23

0,2,59,461
11.20,997.03,50.28
0.24

0,2,58,561
11.19,997.07,50.26
0.24

0,2,58,661
11.19,997.07,50.28
0.24

0,2,58,761
11.19,997.07,50.26
0.24

0,2,58,861
11.19,997.07,50.28
0.24

0,2,58,961
11.20,997.13,50.29
0.24

0,2,58,61
11.19,997.13,50.28
0.24

0,2,58,161
11.19,997.03,50.28
0.24

0,2,58,261
11.18,997.13,50.28
0.24

0,2,58,361
11.19,997.07,50.29
0.24

0,2,58,461
11.19,997.07,50.29
0.24

0,2,58,561
11.19,997.13,50.29
0.25

0,2,58,661
11.18,997.07,50.28
0.24

0,2,58,761
11.19,997.07,50.30
0.25

0,2,58,861
11.18,997.07,50.28
0.24

0,2,58,961
11.18,997.07,50.28
0.25

0,2,58,61
11.18,997.07,50.29
0.25

0,2,58,161
11.19,997.03,50.28
0.25

0,2,58,261
11.19,997.01,50.30
0.25

0,2,58,361
11.19,997.03,50.29
0.25

0,2,58,461
11.20,997.03,50.28
0.25

0,2,58,561
11.19,997.07,50.29
0.26

0,2,58,661
11.19,997.01,50.29
0.25

0,2,58,761
11.19,997.01,50.29
0.26

0,2,58,861
11.20,997.07,50.30
0.26

0,2,58,961
11.19,997.03,50.29
0.26

0,2,58,61
11.19,997.07,50.29
0.26

0,2,58,161
11.19,997.01,50.27
0.26

0,2,58,261
11.18,997.01,50.29
0.26

0,2,58,361
11.19,997.07,50.30
0.26

0,2,58,461
11.18,997.01,50.30
0.26

0,2,58,561
11.18,996.95,50.30
0.26

0,2,58,661
11.19,996.99,50.29
0.27

0,2,58,761
11.19,997.07,50.31
0.27

0,2,58,861
11.18,997.03,50.31
0.27

0,2,58,961
11.18,997.03,50.32
0.27

0,2,58,61
11.18,996.99,50.32
0.27

0,2,58,161
11.18,997.01,50.32
0.27

0,2,58,261
11.18,997.01,50.28
0.27

0,2,58,361
11.19,997.01,50.29
0.27

0,2,58,461
11.19,997.07,50.28
0.27

0,2,58,561
11.19,997.03,50.28
0.27

0,2,58,661
11.19,997.01,50.30
0.27

0,2,58,761
11.19,997.01,50.29
0.27

0,2,58,861
11.20,997.01,50.30
0.27

0,2,58,961
11.20,997.03,50.29
0.28

0,2,58,61
11.20,997.01,50.29
0.27

0,2,58,161
11.20,996.99,50.31
0.28

0,2,58,261
11.20,997.03,50.31
0.27

0,2,58,361
11.20,997.03,50.30
0.27

0,2,58,461
11.20,997.01,50.28
0.27

0,2,58,561
11.21,997.03,50.31
0.28

0,2,58,661
11.20,997.03,50.31
0.27

0,2,58,761
11.20,996.99,50.31
0.28

0,2,58,861
11.20,997.07,50.31
0.28

0,2,58,961
11.20,997.09,50.32
0.28

0,2,58,61
11.20,997.03,50.32
0.28

0,2,58,161
11.21,997.01,50.29
0.28

0,2,58,261
11.20,997.03,50.33
0.28

0,2,58,361
11.20,997.03,50.32
0.28

0,2,58,461
11.20,997.03,50.32
0.28

0,2,58,561
11.19,997.01,50.31
0.28

0,2,58,661
11.20,997.07,50.33
0.28

0,2,58,761
11.19,997.07,50.30
0.28

0,2,58,861
11.20,997.07,50.31
0.28

0,2,58,961
11.19,997.03,50.32
0.28

0,2,58,61
11.20,997.13,50.31
0.27

0,2,58,161
11.19,997.13,50.30
0.28

0,2,58,261
11.19,997.07,50.32
0.27

0,2,58,361
11.20,997.13,50.33
0.27

0,2,58,461
11.19,997.07,50.31
0.27

0,2,58,561
11.19,997.07,50.30
0.27

0,2,58,661
11.19,997.09,50.31
0.27

0,2,58,761
11.19,997.01,50.32
0.27

0,2,58,861
11.19,997.13,50.30
0.27

0,2,58,961
11.18,997.07,50.30
0.27

0,2,58,61
11.18,997.13,50.31
0.27

0,2,58,161
11.18,997.13,50.31
0.27

0,2,58,261
11.18,997.13,50.30
0.27

0,2,58,361
11.18,997.15,50.31
0.27

0,2,58,461
11.19,997.13,50.30
0.27

0,2,58,561
11.18,997.22,50.32
0.27

0,2,58,661
11.18,997.13,50.30
0.27

0,2,58,761
11.18,997.09,50.30
0.26

0,2,58,861
11.19,997.13,50.31
0.26

0,2,58,961
11.19,997.13,50.30
0.26

0,2,58,61
11.18,997.13,50.30
0.26

0,2,58,161
11.19,997.13,50.31
0.26

0,2,58,261
11.18,997.13,50.31
0.26

0,2,58,361
11.19,997.13,50.31
0.26

0,2,58,461
11.18,997.17,50.29
0.26

0,2,58,561
11.18,997.13,50.30
0.26

0,2,58,661
11.19,997.13,50.29
0.26

0,2,58,761
11.18,997.17,50.31
0.25

0,2,58,861
11.18,997.17,50.30
0.25

0,2,58,961
11.18,997.17,50.30
0.25

0,2,58,61
11.17,997.15,50.30
0.25

0,2,58,161
11.18,997.15,50.29
0.25

0,2,58,261
11.18,997.22,50.28
0.25

0,2,58,361
11.17,997.15,50.30
0.25

0,2,58,461
11.17,997.15,50.27
0.25

0,2,58,561
11.17,997.21,50.28
0.25

0,2,58,661
11.16,997.13,50.27
0.24

0,2,58,761
11.16,997.21,50.27
0.24

0,2,58,861
11.16,997.21,50.30
0.24

0,2,58,961
11.16,997.13,50.28
0.24

0,2,58,61
11.15,997.21,50.28
0.24

0,2,58,161
11.14,997.22,50.28
0.24

0,2,58,261
11.15,997.21,50.28
0.24

0,2,58,361
11.15,997.17,50.27
0.24

0,2,58,461
11.15,997.17,50.27
0.24

0,2,58,561
11.14,997.15,50.27
0.24

0,2,58,661
11.15,997.21,50.28
0.23

0,2,58,761
11.14,997.15,50.27
0.24

0,2,58,861
11.13,997.24,50.25
0.23

0,2,58,961
11.13,997.21,50.25
0.23

0,2,58,61
11.14,997.21,50.25
0.23

0,2,58,161
11.15,997.17,50.24
0.23

0,2,58,261
11.15,997.17,50.26
0.23

0,2,58,361
11.15,997.21,50.26
0.23

0,2,58,461
11.15,997.17,50.25
0.23

0,2,58,561
11.16,997.21,50.26
0.23

0,2,58,661
11.15,997.17,50.26
0.23

0,2,58,761
11.16,997.22,50.25
0.23

0,2,58,861
11.16,997.17,50.26
0.23

0,2,58,961
11.16,997.28,50.26
0.23

0,2,58,61
11.16,997.17,50.25
0.23

0,2,58,161
11.17,997.22,50.25
0.23

0,2,58,261
11.16,997.15,50.25
0.23

0,2,58,361
11.16,997.17,50.25
0.23

0,2,58,461
11.17,997.21,50.25
0.23

0,2,58,561
11.17,997.21,50.24
0.23

0,2,58,661
11.17,997.21,50.25
0.22

0,2,58,761
11.17,997.21,50.24
0.22

0,2,58,861
11.17,997.21,50.24
0.23

0,2,58,961
11.18,997.21,50.26
0.23

0,2,58,61
11.17,997.24,50.24
0.22

0,2,58,161
11.18,997.22,50.24
0.22

0,2,58,261
11.17,997.24,50.24
0.22

0,2,58,361
11.18,997.21,50.25
0.22

0,2,58,461
11.18,997.21,50.24
0.22

0,2,58,561
11.18,997.21,50.25
0.22

0,2,58,661
11.18,997.15,50.23
0.22

0,2,58,761
11.18,997.15,50.23
0.22

0,2,58,861
11.17,997.21,50.24
0.22

0,2,58,961
11.17,997.22,50.23
0.22

0,2,58,61
11.18,997.22,50.23
0.22

0,2,58,161
11.17,997.22,50.24
0.22

0,2,58,261
11.17,997.15,50.22
0.22

0,2,58,361
11.18,997.15,50.23
0.22

0,2,58,461
11.17,997.09,50.22
0.21

0,2,58,561
11.18,997.22,50.23
0.22

0,2,58,661
11.18,997.17,50.23
0.22

0,2,58,761
11.17,997.24,50.22
0.22

0,2,58,861
11.18,997.17,50.22
0.22

0,2,58,961
11.18,997.17,50.22
0.22

0,2,58,61
11.18,997.21,50.22
0.22

0,2,58,161
11.18,997.21,50.21
0.22

0,2,58,261
11.18,997.21,50.20
0.22

0,2,58,361
11.18,997.17,50.20
0.21

0,2,58,461
11.18,997.21,50.20
0.22

0,2,58,561
11.18,997.17,50.22
0.22

0,2,58,661
11.19,997.15,50.20
0.22

0,2,58,761
11.18,997.15,50.20
0.22

0,2,58,861
11.18,997.15,50.20
0.22

0,2,58,961
11.17,997.21,50.20
0.22

0,2,58,61
11.17,997.15,50.21
0.22

0,2,58,161
11.17,997.15,50.19
0.22

0,2,58,261
11.18,997.17,50.18
0.22

0,2,58,361
11.18,997.15,50.19
0.22

0,2,58,461
11.18,997.17,50.18
0.22

0,2,58,561
11.17,997.21,50.19
0.22

0,2,58,661
11.18,997.17,50.19
0.22

0,2,58,761
11.18,997.15,50.18
0.22

0,2,58,861
11.18,997.09,50.18
0.22

0,2,58,961
11.19,997.17,50.16
0.22

0,2,58,61
11.19,997.13,50.18
0.22

0,2,58,161
11.19,997.17,50.15
0.22

0,2,58,261
11.19,997.22,50.18
0.22

0,2,58,361
11.19,997.15,50.16
0.22

0,2,58,461
11.19,997.17,50.18
0.22

0,2,58,561
11.18,997.15,50.17
0.22

0,2,58,661
11.19,997.17,50.15
0.22

0,2,58,761
11.19,997.15,50.15
0.22

0,2,58,861
11.18,997.15,50.18
0.22

0,2,58,961
11.19,997.13,50.15
0.22

0,2,58,61
11.19,997.17,50.15
0.22

0,2,58,161
11.19,997.13,50.14
0.22

0,2,58,261
11.19,997.13,50.14
0.23

0,2,58,361
11.19,997.13,50.15
0.22

0,2,58,461
11.19,997.13,50.14
0.22

0,2,58,561
11.20,997.13,50.15
0.23

0,2,58,661
11.19,997.13,50.13
0.23

0,2,58,761
11.19,997.13,50.14
0.23

0,2,58,861
11.18,997.13,50.15
0.23

0,2,58,961
11.19,997.13,50.12
0.23

0,2,58,61
11.18,997.13,50.13
0.23

0,2,58,161
11.17,997.09,50.11
0.23

0,2,58,261
11.18,997.07,50.13
0.23

0,2,58,361
11.17,997.13,50.13
0.23

0,2,58,461
11.16,997.09,50.11
0.22

0,2,58,561
11.16,997.13,50.11
0.23

0,2,58,661
11.16,997.21,50.11
0.23

0,2,58,761
11.15,997.07,50.11
0.23

0,2,58,861
11.14,997.09,50.09
0.23

0,2,58,961
11.14,997.09,50.08
0.23

0,2,58,61
11.14,997.09,50.08
0.23

0,2,58,161
11.15,997.13,50.07
0.23

0,2,58,261
11.13,997.09,50.09
0.23

0,2,58,361
11.13,997.09,50.08
0.23

Data acquisition stopped from keyboard
