Data written below has such format:
hour(UTC), minute, second, millisecond
Temperature(°C), pressure(hPa), humidity(%), altitude(m)

0,10,0,0
12.82,997.02,58.24
0.18

0,10,1,100
12.83,996.96,58.24
0.18

0,10,1,200
12.83,996.94,58.24
0.18

0,10,1,300
12.83,996.96,58.24
0.18

0,10,1,400
12.83,996.96,58.21
0.18

0,10,1,500
12.83,997.04,58.20
0.18

0,10,0,600
12.83,996.96,58.19
0.18

0,10,0,700
12.83,996.96,58.20
0.18

0,10,0,800
12.84,996.98,58.19
0.18

0,10,0,900
12.83,997.02,58.17
0.18

0,10,0,0
12.84,996.96,58.18
0.18

0,10,0,101
12.84,996.98,58.16
0.18

0,10,0,201
12.84,997.02,58.16
0.18

0,10,0,301
12.84,996.98,58.14
0.18

0,10,0,401
12.84,996.96,58.14
0.18

0,10,0,501
12.85,996.98,58.14
0.18

0,10,1,601
12.84,997.02,58.11
0.18

0,10,1,701
12.84,996.98,58.11
0.18

0,10,1,801
12.84,997.02,58.10
0.18

0,10,1,901
12.85,997.06,58.08
0.18

0,10,1,1
12.84,997.02,58.09
0.18

0,10,1,101
12.84,996.98,58.08
0.18

0,10,1,201
12.85,997.06,58.07
0.18

0,10,1,301
12.84,996.98,58.04
0.18

0,10,1,401
12.84,996.98,58.04
0.18

0,10,1,501
12.84,996.98,58.03
0.18

0,10,0,601
12.84,997.02,58.04
0.18

0,10,0,701
12.85,996.89,58.03
0.18

0,10,0,801
12.84,997.02,58.01
0.18

0,10,0,901
12.85,996.98,58.01
0.18

0,10,0,1
12.84,997.02,58.01
0.18

0,10,0,101
12.85,997.04,58.00
0.18

0,10,0,201
12.85,996.98,57.97
0.18

0,10,0,301
12.85,996.98,57.97
0.18

0,10,0,401
12.85,997.04,57.97
0.18

0,10,0,501
12.84,996.91,57.96
0.18

0,10,0,601
12.85,996.89,57.95
0.18

0,10,0,701
12.84,996.91,57.92
0.18

0,10,0,801
12.84,996.94,57.92
0.18

0,10,0,901
12.85,996.96,57.91
0.18

0,10,0,2
12.85,996.91,57.93
0.18

0,10,0,102
12.84,996.94,57.90
0.18

0,10,0,202
12.85,996.91,57.88
0.18

0,10,0,302
12.85,996.89,57.90
0.18

0,10,0,402
12.85,996.96,57.87
0.18

0,10,0,502
12.84,996.98,57.86
0.18

0,10,0,602
12.85,996.91,57.85
0.18

0,10,0,702
12.85,996.98,57.83
0.18

0,10,0,802
12.85,996.91,57.83
0.19

0,10,0,902
12.85,997.02,57.81
0.19

0,10,0,2
12.84,996.91,57.79
0.19

0,10,0,102
12.86,996.91,57.82
0.19

0,10,0,202
12.85,996.89,57.79
0.19

0,10,0,302
12.85,996.98,57.79
0.20

0,10,0,402
12.85,996.83,57.79
0.20

0,10,0,502
12.85,996.94,57.79
0.20

0,10,1,602
12.85,996.91,57.76
0.21

0,10,1,702
12.86,996.94,57.75
0.21

0,10,1,802
12.85,996.89,57.74
0.21

0,10,1,902
12.86,996.91,57.74
0.21

0,10,1,2
12.85,996.91,57.73
0.21

0,10,1,102
12.85,996.89,57.73
0.22

0,10,1,202
12.86,996.89,57.71
0.22

0,10,1,302
12.86,997.02,57.73
0.22

0,10,1,402
12.85,996.91,57.72
0.22

0,10,1,502
12.86,996.94,57.71
0.22

0,10,1,602
12.85,996.87,57.68
0.23

0,10,1,702
12.85,996.87,57.66
0.23

0,10,1,802
12.85,996.83,57.69
0.23

0,10,1,902
12.85,996.91,57.65
0.23

0,10,1,2
12.86,996.89,57.66
0.23

0,10,1,102
12.85,996.89,57.64
0.23

0,10,1,202
12.85,996.87,57.64
0.24

0,10,1,302
12.85,996.83,57.63
0.24

0,10,1,402
12.85,996.83,57.62
0.24

0,10,1,502
12.85,996.91,57.61
0.24

0,10,1,602
12.86,996.85,57.61
0.24

0,10,1,702
12.87,996.85,57.62
0.24

0,10,1,802
12.87,996.87,57.61
0.24

0,10,1,902
12.87,996.81,57.59
0.24

0,10,1,2
12.86,996.85,57.58
0.24

0,10,1,102
12.87,996.81,57.56
0.25

0,10,1,202
12.87,996.85,57.55
0.24

0,10,1,302
12.87,996.81,57.57
0.25

0,10,1,402
12.87,996.89,57.56
0.24

0,10,1,502
12.86,996.83,57.53
0.24

0,10,1,602
12.86,996.79,57.51
0.24

0,10,1,702
12.87,996.81,57.53
0.24

0,10,1,802
12.87,996.85,57.52
0.25

0,10,1,902
12.86,996.89,57.51
0.25

0,10,1,2
12.87,996.79,57.50
0.25

0,10,1,102
12.86,996.73,57.50
0.25

0,10,1,202
12.87,996.73,57.47
0.25

0,10,1,302
12.87,996.79,57.48
0.25

0,10,1,402
12.86,996.87,57.46
0.26

0,10,1,502
12.87,996.77,57.48
0.26

0,10,1,602
12.86,996.79,57.46
0.26

0,10,1,702
12.86,996.79,57.45
0.26

0,10,1,802
12.87,996.79,57.44
0.26

0,10,1,902
12.87,996.77,57.42
0.26

0,10,1,2
12.88,996.81,57.43
0.26

0,10,1,102
12.87,996.81,57.44
0.26

0,10,1,202
12.87,996.79,57.42
0.26

0,10,1,302
12.87,996.71,57.41
0.27

0,10,1,402
12.87,996.77,57.42
0.27

0,10,1,502
12.87,996.77,57.38
0.27

0,10,1,602
12.87,996.81,57.39
0.27

0,10,1,702
12.87,996.81,57.38
0.27

0,10,1,802
12.87,996.77,57.37
0.28

0,10,1,902
12.86,996.85,57.36
0.27

0,10,1,2
12.86,996.79,57.36
0.27

0,10,1,102
12.86,996.81,57.33
0.27

0,10,1,202
12.87,996.87,57.33
0.27

0,10,1,302
12.87,996.85,57.33
0.27

0,10,1,402
12.86,996.81,57.33
0.27

0,10,1,502
12.86,996.87,57.31
0.27

0,10,1,602
12.85,996.81,57.28
0.27

0,10,1,702
12.86,996.96,57.29
0.26

0,10,1,802
12.85,996.83,57.29
0.26

0,10,1,902
12.85,996.83,57.28
0.26

0,10,1,2
12.85,996.81,57.25
0.26

0,10,1,102
12.84,996.79,57.27
0.26

0,10,1,202
12.85,996.77,57.25
0.26

0,10,1,302
12.85,996.83,57.25
0.26

0,10,1,402
12.85,996.81,57.23
0.26

0,10,1,502
12.85,996.81,57.23
0.26

0,10,1,602
12.85,996.81,57.22
0.26

0,10,1,702
12.85,996.83,57.22
0.26

0,10,1,802
12.85,996.81,57.21
0.26

0,10,1,902
12.86,996.81,57.17
0.26

0,10,1,2
12.85,996.79,57.18
0.26

0,10,1,102
12.85,996.83,57.18
0.26

0,10,1,202
12.85,996.89,57.16
0.26

0,10,1,302
12.85,996.87,57.18
0.26

0,10,1,402
12.84,996.83,57.14
0.26

0,10,1,502
12.86,996.87,57.15
0.26

0,10,1,602
12.85,996.91,57.13
0.26

0,10,1,702
12.86,996.91,57.11
0.26

0,10,1,802
12.86,996.91,57.11
0.26

0,10,1,902
12.85,996.81,57.11
0.26

0,10,1,2
12.86,996.83,57.08
0.25

0,10,1,102
12.85,996.87,57.08
0.25

0,10,1,202
12.86,996.89,57.08
0.25

0,10,1,302
12.86,996.89,57.06
0.25

0,10,1,402
12.86,996.89,57.06
0.25

0,10,1,502
12.87,996.91,57.05
0.24

0,10,1,602
12.86,996.94,57.02
0.24

0,10,1,702
12.86,996.94,57.02
0.24

0,10,1,802
12.86,996.91,57.02
0.24

0,10,1,902
12.86,996.89,57.00
0.24

0,10,1,2
12.86,996.91,57.00
0.24

0,10,1,102
12.86,996.94,56.99
0.24

0,10,1,202
12.86,996.91,56.97
0.23

0,10,1,302
12.86,996.94,56.97
0.23

0,10,1,402
12.86,996.98,56.95
0.23

0,10,1,502
12.86,996.89,56.95
0.23

0,10,1,602
12.86,996.94,56.93
0.23

0,10,1,702
12.86,996.94,56.93
0.23

0,10,1,802
12.86,996.94,56.92
0.23

0,10,1,902
12.86,996.89,56.92
0.23

0,10,1,2
12.86,996.87,56.91
0.22

0,10,1,102
12.86,996.89,56.87
0.22

0,10,1,202
12.86,996.94,56.87
0.22

0,10,1,302
12.87,996.96,56.84
0.22

0,10,1,402
12.86,996.94,56.84
0.22

0,10,1,502
12.86,996.91,56.86
0.22

0,10,1,602
12.87,996.94,56.84
0.22

0,10,1,702
12.86,996.87,56.82
0.22

0,10,1,802
12.86,996.98,56.81
0.22

0,10,1,902
12.87,996.91,56.80
0.22

0,10,1,2
12.86,997.02,56.78
0.22

0,10,1,102
12.86,997.04,56.75
0.22

0,10,1,202
12.86,996.96,56.74
0.22

0,10,1,302
12.86,996.98,56.75
0.22

0,10,1,402
12.86,997.02,56.75
0.22

0,10,1,502
12.86,996.96,56.73
0.21

0,10,1,602
12.87,996.96,56.72
0.21

0,10,1,702
12.86,996.94,56.70
0.21

0,10,1,802
12.87,997.06,56.72
0.21

0,10,1,902
12.87,996.94,56.71
0.21

0,10,1,2
12.86,997.04,56.71
0.21

0,10,1,102
12.86,996.98,56.69
0.21

0,10,1,202
12.86,996.98,56.66
0.20

0,10,1,302
12.86,997.02,56.65
0.20

0,10,1,402
12.86,997.02,56.64
0.20

0,10,1,502
12.87,997.02,56.65
0.20

0,10,2,602
12.87,996.98,56.63
0.20

0,10,2,702
12.87,996.98,56.64
0.20

0,10,2,802
12.85,996.98,56.60
0.20

0,10,2,902
12.87,997.04,56.61
0.20

0,10,2,2
12.86,996.98,56.61
0.20

0,10,2,102
12.87,997.10,56.60
0.20

0,10,2,202
12.86,996.98,56.59
0.20

0,10,2,302
12.86,996.94,56.57
0.20

0,10,2,402
12.86,996.96,56.57
0.20

0,10,2,502
12.86,997.02,56.56
0.20

0,10,3,602
12.86,996.98,56.54
0.19

0,10,3,702
12.85,996.98,56.54
0.19

0,10,3,802
12.87,997.02,56.53
0.19

0,10,3,902
12.87,997.06,56.51
0.19

0,10,3,2
12.87,997.02,56.51
0.19

0,10,3,102
12.86,997.04,56.50
0.19

0,10,3,202
12.86,996.96,56.50
0.19

0,10,3,302
12.87,997.04,56.48
0.19

0,10,3,402
12.87,996.98,56.48
0.19

0,10,3,502
12.87,996.98,56.48
0.19

0,10,1,602
12.87,996.94,56.46
0.19

0,10,1,702
12.87,996.98,56.45
0.19

0,10,1,802
12.87,996.94,56.45
0.19

0,10,1,902
12.87,996.96,56.45
0.19

0,10,1,2
12.87,996.98,56.43
0.19

0,10,1,102
12.87,996.98,56.43
0.19

0,10,1,202
12.87,996.98,56.43
0.19

0,10,1,302
12.87,996.96,56.40
0.19

0,10,1,402
12.87,996.96,56.41
0.19

0,10,1,502
12.87,997.02,56.40
0.19

0,10,1,602
12.87,997.02,56.40
0.18

0,10,1,702
12.87,996.98,56.37
0.18

0,10,1,802
12.87,997.02,56.38
0.18

0,10,1,902
12.87,996.94,56.37
0.18

0,10,1,2
12.87,997.02,56.36
0.18

0,10,1,102
12.87,996.96,56.34
0.18

0,10,1,202
12.87,996.98,56.34
0.18

0,10,1,302
12.87,996.98,56.34
0.18

0,10,1,402
12.87,997.10,56.34
0.18

0,10,1,502
12.88,996.98,56.32
0.18

0,10,2,602
12.87,996.94,56.32
0.18

0,10,2,702
12.87,996.94,56.30
0.18

0,10,2,802
12.87,996.96,56.31
0.18

0,10,2,902
12.88,996.98,56.29
0.18

0,10,2,2
12.87,996.94,56.30
0.18

0,10,2,102
12.87,996.98,56.30
0.18

0,10,2,202
12.87,996.98,56.29
0.18

0,10,2,302
12.87,996.89,56.27
0.18

0,10,2,402
12.87,997.02,56.26
0.18

0,10,2,502
12.87,996.94,56.25
0.18

0,10,1,602
12.87,996.91,56.27
0.18

0,10,1,702
12.88,996.96,56.25
0.18

0,10,1,802
12.88,996.96,56.24
0.18

0,10,1,902
12.88,996.98,56.24
0.18

0,10,1,2
12.88,996.89,56.21
0.18

0,10,1,102
12.88,996.96,56.22
0.18

0,10,1,202
12.88,996.94,56.20
0.18

0,10,1,302
12.87,996.94,56.19
0.18

0,10,1,402
12.87,996.96,56.19
0.18

0,10,1,502
12.88,996.94,56.19
0.19

0,10,1,602
12.88,996.94,56.20
0.19

0,10,1,702
12.87,996.89,56.19
0.19

0,10,1,802
12.87,996.91,56.16
0.19

0,10,1,902
12.87,996.96,56.15
0.19

0,10,1,2
12.87,996.91,56.14
0.19

0,10,1,102
12.87,996.89,56.15
0.19

0,10,1,202
12.86,996.89,56.15
0.19

0,10,1,302
12.87,996.94,56.14
0.19

0,10,1,402
12.87,996.94,56.12
0.19

0,10,1,502
12.87,996.91,56.11
0.19

0,10,1,602
12.87,996.85,56.10
0.19

0,10,1,702
12.87,996.94,56.12
0.19

0,10,1,802
12.87,996.94,56.12
0.20

0,10,1,902
12.87,996.96,56.11
0.20

0,10,1,2
12.88,996.96,56.08
0.20

0,10,1,102
12.87,996.91,56.08
0.20

0,10,1,202
12.88,996.91,56.06
0.20

0,10,1,302
12.87,996.91,56.06
0.20

0,10,1,402
12.87,996.89,56.04
0.21

0,10,1,502
12.87,996.91,56.06
0.21

0,10,1,602
12.88,996.87,56.03
0.21

0,10,1,702
12.87,996.89,56.04
0.21

0,10,1,802
12.87,996.85,56.04
0.21

0,10,1,902
12.88,996.89,56.04
0.21

0,10,1,2
12.87,996.91,56.04
0.21

0,10,1,102
12.87,996.87,56.03
0.21

0,10,1,202
12.87,996.87,56.02
0.22

0,10,1,302
12.87,996.89,56.00
0.22

0,10,1,402
12.87,996.89,55.99
0.22

0,10,1,502
12.88,996.81,55.98
0.22

0,10,1,602
12.88,996.89,55.99
0.22

0,10,1,702
12.87,996.91,55.99
0.22

0,10,1,802
12.88,996.85,55.99
0.22

0,10,1,902
12.88,996.91,55.98
0.22

0,10,1,2
12.87,996.89,55.97
0.22

0,10,1,102
12.87,996.91,55.96
0.22

0,10,1,202
12.89,996.87,55.96
0.22

0,10,1,302
12.87,996.87,55.96
0.22

0,10,1,402
12.87,996.87,55.93
0.22

0,10,1,502
12.87,996.91,55.93
0.22

0,10,1,602
12.87,996.87,55.94
0.22

0,10,1,702
12.88,996.91,55.94
0.22

0,10,1,802
12.87,996.89,55.91
0.22

0,10,1,902
12.88,996.87,55.91
0.22

0,10,1,2
12.88,996.87,55.93
0.22

0,10,1,102
12.87,996.87,55.89
0.22

0,10,1,202
12.89,996.85,55.90
0.22

0,10,1,302
12.88,996.91,55.89
0.22

0,10,1,402
12.88,996.91,55.89
0.22

0,10,1,502
12.88,996.87,55.88
0.22

0,10,1,602
12.87,996.91,55.87
0.22

0,10,1,702
12.88,996.87,55.88
0.22

0,10,1,802
12.89,996.87,55.88
0.22

0,10,1,902
12.88,996.89,55.86
0.22

0,10,1,2
12.88,996.91,55.84
0.22

0,10,1,102
12.88,996.91,55.86
0.22

0,10,1,202
12.88,996.85,55.84
0.22

0,10,1,302
12.88,996.89,55.83
0.22

0,10,1,402
12.88,996.89,55.83
0.22

0,10,1,502
12.88,996.89,55.82
0.22

0,10,1,602
12.88,996.94,55.83
0.22

0,10,1,702
12.88,996.87,55.79
0.22

0,10,1,802
12.88,996.87,55.81
0.22

0,10,1,902
12.88,996.94,55.80
0.22

0,10,1,2
12.88,996.94,55.79
0.22

0,10,1,102
12.88,996.91,55.76
0.22

0,10,1,202
12.88,996.89,55.79
0.22

0,10,1,302
12.89,996.87,55.78
0.22

0,10,1,402
12.88,996.87,55.75
0.22

0,10,1,502
12.89,996.92,55.78
0.22

0,10,1,602
12.88,996.91,55.77
0.22

0,10,1,702
12.88,996.91,55.76
0.22

0,10,1,802
12.88,996.81,55.77
0.22

0,10,1,902
12.88,996.89,55.74
0.22

0,10,1,2
12.89,996.89,55.74
0.22

0,10,1,102
12.89,996.85,55.77
0.22

0,10,1,202
12.88,996.89,55.74
0.21

0,10,1,302
12.88,996.89,55.74
0.21

0,10,1,402
12.89,996.89,55.73
0.22

0,10,1,502
12.88,996.87,55.71
0.21

0,10,1,602
12.88,996.89,55.72
0.21

0,10,1,702
12.89,996.89,55.70
0.21

0,10,1,802
12.88,996.87,55.69
0.21

0,10,1,902
12.88,996.87,55.69
0.21

0,10,1,2
12.89,996.92,55.68
0.21

0,10,1,102
12.89,996.94,55.68
0.21

0,10,1,202
12.89,996.85,55.72
0.21

0,10,1,302
12.89,996.85,55.69
0.21

0,10,1,402
12.89,996.89,55.68
0.21

0,10,1,502
12.89,996.89,55.67
0.21

0,10,2,602
12.89,996.89,55.66
0.21

0,10,2,702
12.88,996.87,55.67
0.21

0,10,2,802
12.89,996.98,55.66
0.21

0,10,2,902
12.89,996.94,55.65
0.22

0,10,2,2
12.89,996.89,55.65
0.21

0,10,2,102
12.89,996.94,55.63
0.21

0,10,2,202
12.89,996.94,55.61
0.21

0,10,2,302
12.90,996.94,55.62
0.21

0,10,2,402
12.90,996.94,55.64
0.22

0,10,2,502
12.89,996.92,55.61
0.21

0,10,1,602
12.90,996.96,55.61
0.22

0,10,1,702
12.89,996.92,55.62
0.22

0,10,1,802
12.89,996.94,55.61
0.21

0,10,1,902
12.88,996.91,55.58
0.22

0,10,1,2
12.87,996.91,55.59
0.22

0,10,1,102
12.88,996.94,55.58
0.22

0,10,1,202
12.88,996.94,55.57
0.22

0,10,1,302
12.87,996.91,55.56
0.22

0,10,1,402
12.88,996.96,55.57
0.22

0,10,1,502
12.88,996.91,55.56
0.21

0,10,1,602
12.87,996.94,55.57
0.22

0,10,1,702
12.87,996.98,55.55
0.21

0,10,1,802
12.87,996.89,55.54
0.21

0,10,1,902
12.87,996.89,55.54
0.21

0,10,1,2
12.87,996.94,55.51
0.21

0,10,1,102
12.87,996.94,55.51
0.21

0,10,1,202
12.87,996.94,55.52
0.21

0,10,1,302
12.88,996.96,55.51
0.21

0,10,1,402
12.87,996.94,55.51
0.21

0,10,1,502
12.87,996.98,55.51
0.21

0,10,1,602
12.88,996.94,55.50
0.21

0,10,1,702
12.87,996.96,55.50
0.21

0,10,1,802
12.88,996.91,55.50
0.21

0,10,1,902
12.88,996.96,55.48
0.21

0,10,1,2
12.87,996.94,55.48
0.21

0,10,1,102
12.88,996.96,55.46
0.21

0,10,1,202
12.88,996.94,55.47
0.21

0,10,1,302
12.88,996.87,55.46
0.21

0,10,1,402
12.87,996.89,55.45
0.21

0,10,1,502
12.88,996.94,55.45
0.21

0,10,1,602
12.87,996.89,55.44
0.21

0,10,1,702
12.87,996.91,55.44
0.21

0,10,1,802
12.87,996.91,55.42
0.21

0,10,1,902
12.87,996.89,55.41
0.21

0,10,1,2
12.88,996.89,55.43
0.21

0,10,1,102
12.88,996.91,55.42
0.21

0,10,1,202
12.88,996.87,55.40
0.21

0,10,1,302
12.88,996.89,55.39
0.21

0,10,1,402
12.87,996.89,55.41
0.21

0,10,1,502
12.88,996.91,55.38
0.22

0,10,1,602
12.88,996.81,55.41
0.22

0,10,1,702
12.88,996.91,55.39
0.22

0,10,1,802
12.87,996.94,55.38
0.22

0,10,1,902
12.88,996.85,55.38
0.22

0,10,1,2
12.88,996.87,55.38
0.22

0,10,1,102
12.87,996.89,55.38
0.22

0,10,1,202
12.88,996.91,55.38
0.23

0,10,1,302
12.88,996.91,55.36
0.23

0,10,1,402
12.87,996.87,55.36
0.23

0,10,1,502
12.87,996.87,55.35
0.23

0,10,1,602
12.87,996.85,55.35
0.23

0,10,1,702
12.87,996.87,55.35
0.23

0,10,1,802
12.88,996.91,55.35
0.23

0,10,1,902
12.88,996.94,55.35
0.23

0,10,1,2
12.89,996.87,55.33
0.23

0,10,1,102
12.88,996.89,55.33
0.23

0,10,1,202
12.89,996.85,55.32
0.23

0,10,1,302
12.89,996.85,55.32
0.23

0,10,1,402
12.89,996.92,55.31
0.23

0,10,1,502
12.88,996.87,55.32
0.23

0,10,1,602
12.89,996.87,55.31
0.23

0,10,1,702
12.89,996.94,55.31
0.23

0,10,1,802
12.90,996.94,55.30
0.23

0,10,1,902
12.89,996.94,55.30
0.23

0,10,1,2
12.91,996.87,55.29
0.23

0,10,1,102
12.91,996.92,55.27
0.23

0,10,1,202
12.91,996.92,55.28
0.23

0,10,1,302
12.92,996.94,55.28
0.22

0,10,1,402
12.92,996.87,55.29
0.22

0,10,1,502
12.93,996.94,55.28
0.22

0,10,1,602
12.94,996.92,55.29
0.22

0,10,1,702
12.94,996.89,55.25
0.22

0,10,1,802
12.96,996.89,55.29
0.22

0,10,1,902
12.96,996.87,55.28
0.22

0,10,1,2
12.95,996.92,55.27
0.22

0,10,1,102
12.96,996.89,55.26
0.22

0,10,1,202
12.98,996.92,55.25
0.22

0,10,1,302
12.98,996.91,55.26
0.22

0,10,1,402
12.99,996.94,55.25
0.21

0,10,1,502
13.00,996.91,55.25
0.21

0,10,1,602
13.00,996.92,55.25
0.21

0,10,1,702
13.00,996.92,55.23
0.21

0,10,1,802
13.01,996.92,55.22
0.21

0,10,1,902
13.00,996.85,55.21
0.21

0,10,1,2
13.01,996.91,55.20
0.21

0,10,1,102
13.01,996.91,55.21
0.21

0,10,1,202
13.00,996.91,55.19
0.21

0,10,1,302
12.99,996.92,55.19
0.21

0,10,1,402
12.99,996.94,55.19
0.20

0,10,1,502
13.00,996.91,55.18
0.20

0,10,1,602
12.99,996.92,55.17
0.20

0,10,1,702
12.99,996.94,55.16
0.20

0,10,1,802
12.99,996.94,55.15
0.20

0,10,1,902
12.99,996.92,55.14
0.20

0,10,1,2
13.00,996.94,55.13
0.20

0,10,1,102
12.99,996.91,55.13
0.20

0,10,1,202
13.00,996.91,55.13
0.20

0,10,1,302
13.00,996.87,55.14
0.20

0,10,1,402
13.02,996.98,55.13
0.20

0,10,1,502
13.01,996.92,55.13
0.20

0,10,2,602
13.02,997.00,55.11
0.20

0,10,2,702
13.02,996.87,55.12
0.20

0,10,2,802
13.01,996.92,55.08
0.20

0,10,2,902
13.02,996.94,55.09
0.20

0,10,2,2
13.01,996.92,55.08
0.20

0,10,2,102
13.01,996.92,55.08
0.20

0,10,2,202
13.01,996.92,55.06
0.20

0,10,2,302
13.02,997.00,55.06
0.20

0,10,2,402
13.02,996.92,55.07
0.20

0,10,2,502
13.03,996.91,55.04
0.20

0,10,1,602
13.05,996.92,55.06
0.20

0,10,1,702
13.04,996.94,55.04
0.20

0,10,1,802
13.05,996.92,55.03
0.20

0,10,1,902
13.05,996.91,55.02
0.20

0,10,1,2
13.06,996.85,55.03
0.20

0,10,1,102
13.07,996.94,55.02
0.20

0,10,1,202
13.06,996.91,54.99
0.20

0,10,1,302
13.07,996.98,54.99
0.20

0,10,1,402
13.07,996.94,54.99
0.20

0,10,1,502
13.06,996.94,54.99
0.19

0,10,1,602
13.07,996.85,54.97
0.20

0,10,1,702
13.07,997.00,54.97
0.20

0,10,1,802
13.07,996.91,54.98
0.20

0,10,1,902
13.07,996.94,54.96
0.20

0,10,1,2
13.07,996.94,54.93
0.19

0,10,1,102
13.06,996.91,54.94
0.19

0,10,1,202
13.06,996.87,54.93
0.19

0,10,1,302
13.06,996.91,54.91
0.19

0,10,1,402
13.06,996.94,54.89
0.19

0,10,1,502
13.07,996.94,54.90
0.19

0,10,1,602
13.08,996.91,54.88
0.19

0,10,1,702
13.08,996.92,54.87
0.19

0,10,1,802
13.09,996.91,54.89
0.20

0,10,1,902
13.08,996.92,54.88
0.20

0,10,1,2
13.10,996.92,54.86
0.20

0,10,1,102
13.09,996.91,54.86
0.20

0,10,1,202
13.10,996.98,54.85
0.20

0,10,1,302
13.10,997.00,54.83
0.20

0,10,1,402
13.10,996.91,54.82
0.20

0,10,1,502
13.10,996.94,54.81
0.20

0,10,1,602
13.11,996.91,54.81
0.20

0,10,1,702
13.12,996.98,54.80
0.20

0,10,1,802
13.13,996.96,54.78
0.20

0,10,1,902
13.14,996.92,54.76
0.20

0,10,1,2
13.13,996.91,54.77
0.20

0,10,1,102
13.13,996.98,54.76
0.20

0,10,1,202
13.14,996.96,54.75
0.20

0,10,1,302
13.13,996.92,54.73
0.20

0,10,1,402
13.13,996.92,54.73
0.20

0,10,1,502
13.14,996.89,54.71
0.20

0,10,1,602
13.14,996.92,54.72
0.21

0,10,1,702
13.14,996.91,54.71
0.20

0,10,1,802
13.14,996.89,54.71
0.21

0,10,1,902
13.15,996.92,54.69
0.21

0,10,1,2
13.15,996.89,54.70
0.21

0,10,1,102
13.16,996.91,54.69
0.21

0,10,1,202
13.16,996.96,54.68
0.21

0,10,1,302
13.18,996.91,54.64
0.21

0,10,1,402
13.17,996.91,54.64
0.21

0,10,1,502
13.16,996.91,54.64
0.21

0,10,1,602
13.17,996.85,54.63
0.21

0,10,1,702
13.17,996.85,54.63
0.22

0,10,1,802
13.17,996.92,54.61
0.22

0,10,1,902
13.18,996.92,54.61
0.21

0,10,1,2
13.18,996.98,54.60
0.22

0,10,1,102
13.17,996.83,54.58
0.22

0,10,1,202
13.17,996.89,54.58
0.22

0,10,1,302
13.16,996.81,54.58
0.22

0,10,1,402
13.16,996.83,54.56
0.22

0,10,1,502
13.17,996.89,54.54
0.22

0,10,1,602
13.16,996.91,54.54
0.22

0,10,1,702
13.17,996.92,54.53
0.22

0,10,1,802
13.17,996.85,54.51
0.22

0,10,1,902
13.18,996.87,54.51
0.22

0,10,1,2
13.17,996.91,54.51
0.22

0,10,1,102
13.18,996.87,54.49
0.22

0,10,1,202
13.18,996.89,54.48
0.22

0,10,1,302
13.18,996.87,54.47
0.23

0,10,1,402
13.18,996.83,54.46
0.23

0,10,1,502
13.16,996.83,54.45
0.23

0,10,1,602
13.17,996.81,54.46
0.23

0,10,1,702
13.17,996.89,54.44
0.23

0,10,1,802
13.18,996.81,54.42
0.23

0,10,1,902
13.18,996.81,54.41
0.23

0,10,1,2
13.19,996.83,54.40
0.23

0,10,1,102
13.20,996.87,54.42
0.23

0,10,1,202
13.21,996.79,54.40
0.24

0,10,1,302
13.21,996.81,54.40
0.24

0,10,1,402
13.22,996.83,54.39
0.23

0,10,1,502
13.21,996.81,54.38
0.24

0,10,1,602
13.22,996.81,54.38
0.24

0,10,1,702
13.22,996.81,54.37
0.23

0,10,1,802
13.22,996.79,54.37
0.24

0,10,1,902
13.21,996.79,54.33
0.23

0,10,1,2
13.21,996.83,54.33
0.23

0,10,1,102
13.21,996.89,54.35
0.23

0,10,1,202
13.22,996.79,54.31
0.23

0,10,1,302
13.21,996.81,54.31
0.23

0,10,1,402
13.21,996.89,54.30
0.23

0,10,1,502
13.20,996.81,54.28
0.23

0,10,1,602
13.19,996.91,54.28
0.23

0,10,1,702
13.20,996.89,54.28
0.23

0,10,1,802
13.20,996.91,54.26
0.23

0,10,1,902
13.19,996.83,54.26
0.23

0,10,1,2
13.19,996.91,54.26
0.23

0,10,1,102
13.20,996.87,54.23
0.23

0,10,1,202
13.20,996.92,54.24
0.23

0,10,1,302
13.20,996.87,54.23
0.22

0,10,1,402
13.21,996.91,54.21
0.22

0,10,1,502
13.22,996.83,54.23
0.22

0,10,1,602
13.23,996.83,54.20
0.22

0,10,1,702
13.23,996.89,54.19
0.22

0,10,1,802
13.24,996.83,54.20
0.22

0,10,1,902
13.24,996.89,54.21
0.22

0,10,1,2
13.24,996.87,54.19
0.22

0,10,1,102
13.25,996.91,54.17
0.22

0,10,1,202
13.25,996.96,54.17
0.22

0,10,1,302
13.26,996.87,54.15
0.22

0,10,1,402
13.25,996.94,54.15
0.22

0,10,1,502
13.25,996.94,54.16
0.22

0,10,1,602
13.24,996.89,54.12
0.22

0,10,1,702
13.24,996.89,54.13
0.21

0,10,1,802
13.24,996.87,54.12
0.21

0,10,1,902
13.24,996.83,54.09
0.21

0,10,1,2
13.25,996.89,54.10
0.21

0,10,1,102
13.25,996.89,54.09
0.21

0,10,1,202
13.25,996.89,54.08
0.21

0,10,1,302
13.24,996.89,54.07
0.21

0,10,1,402
13.25,996.87,54.07
0.21

0,10,1,502
13.24,996.94,54.07
0.21

0,10,1,602
13.24,996.94,54.06
0.21

0,10,1,702
13.25,996.89,54.05
0.21

0,10,1,802
13.24,996.89,54.02
0.21

0,10,1,902
13.24,996.89,54.02
0.21

0,10,1,2
13.24,996.83,54.03
0.21

0,10,1,102
13.25,996.89,54.02
0.21

0,10,1,202
13.24,996.96,54.01
0.21

0,10,1,302
13.24,996.89,54.00
0.20

0,10,1,402
13.24,996.96,53.99
0.20

0,10,1,502
13.23,996.89,53.98
0.20

0,10,1,602
13.24,996.87,53.96
0.20

0,10,1,702
13.25,996.89,53.96
0.20

0,10,1,802
13.26,996.87,53.96
0.20

0,10,1,902
13.27,996.91,53.95
0.20

0,10,1,2
13.28,996.89,53.95
0.20

0,10,1,102
13.28,996.91,53.95
0.20

0,10,1,202
13.30,996.91,53.93
0.20

0,10,1,302
13.31,996.89,53.93
0.20

0,10,1,402
13.30,996.81,53.91
0.20

0,10,1,502
13.30,996.81,53.92
0.20

0,10,1,602
13.30,996.81,53.90
0.20

0,10,1,702
13.31,996.89,53.92
0.20

0,10,1,802
13.31,996.89,53.90
0.20

0,10,1,902
13.30,996.85,53.89
0.20

0,10,1,2
13.30,996.87,53.88
0.20

0,10,1,102
13.30,996.89,53.86
0.20

0,10,1,202
13.30,996.94,53.86
0.20

0,10,1,302
13.30,996.89,53.86
0.21

0,10,1,402
13.28,996.81,53.86
0.20

0,10,1,502
13.29,996.87,53.85
0.20

0,10,1,602
13.31,996.87,53.83
0.21

0,10,1,702
13.31,996.89,53.83
0.21

0,10,1,802
13.31,996.89,53.84
0.20

0,10,1,902
13.32,996.85,53.81
0.21

0,10,1,2
13.32,996.87,53.80
0.20

0,10,1,102
13.32,996.89,53.82
0.21

0,10,1,202
13.32,996.85,53.80
0.20

0,10,1,302
13.33,996.89,53.80
0.20

0,10,1,402
13.33,996.79,53.80
0.20

0,10,1,502
13.34,996.85,53.80
0.20

0,10,1,602
13.34,996.85,53.77
0.20

0,10,1,702
13.34,996.85,53.78
0.20

0,10,1,802
13.35,996.89,53.76
0.20

0,10,1,902
13.34,996.87,53.75
0.20

0,10,1,2
13.35,996.87,53.75
0.20

0,10,1,102
13.33,996.87,53.75
0.20

0,10,1,202
13.34,996.87,53.74
0.20

0,10,1,302
13.33,996.87,53.71
0.21

0,10,1,402
13.33,996.87,53.72
0.21

0,10,1,502
13.33,996.81,53.68
0.21

0,10,1,602
13.33,996.92,53.71
0.21

0,10,1,702
13.34,996.87,53.70
0.21

0,10,1,802
13.34,996.85,53.68
0.21

0,10,1,902
13.36,996.85,53.69
0.21

0,10,1,2
13.37,996.89,53.68
0.21

0,10,1,102
13.36,996.92,53.68
0.21

0,10,1,202
13.37,996.87,53.66
0.21

0,10,1,302
13.36,996.92,53.66
0.21

0,10,1,402
13.37,996.89,53.66
0.21

0,10,1,502
13.37,996.85,53.63
0.21

0,10,1,602
13.37,996.87,53.64
0.21

0,10,1,702
13.38,996.94,53.64
0.21

0,10,1,802
13.38,996.83,53.62
0.22

0,10,1,902
13.39,996.83,53.62
0.22

0,10,1,2
13.39,996.83,53.61
0.22

0,10,1,102
13.39,996.87,53.61
0.22

0,10,1,202
13.40,996.77,53.61
0.22

0,10,1,302
13.39,996.79,53.60
0.22

0,10,1,402
13.41,996.91,53.58
0.22

0,10,1,502
13.40,996.87,53.59
0.22

0,10,1,602
13.40,996.83,53.59
0.22

0,10,1,702
13.39,996.83,53.55
0.23

0,10,1,802
13.39,996.85,53.55
0.23

0,10,1,902
13.39,996.83,53.54
0.23

0,10,1,2
13.40,996.87,53.54
0.23

0,10,1,102
13.40,996.87,53.55
0.23

0,10,1,202
13.40,996.91,53.53
0.23

0,10,1,302
13.41,996.83,53.53
0.23

0,10,1,402
13.40,996.77,53.51
0.23

0,10,1,502
13.40,996.87,53.51
0.23

0,10,1,602
13.39,996.83,53.49
0.23

0,10,1,702
13.40,996.91,53.47
0.24

0,10,1,802
13.39,996.87,53.47
0.24

0,10,1,902
13.39,996.87,53.46
0.24

0,10,1,2
13.39,996.83,53.46
0.24

0,10,1,102
13.39,996.87,53.45
0.24

0,10,1,202
13.40,996.83,53.46
0.24

0,10,1,302
13.40,996.83,53.44
0.23

0,10,1,402
13.40,996.83,53.44
0.23

0,10,1,502
13.41,996.79,53.44
0.23

0,10,1,602
13.42,996.85,53.44
0.23

0,10,1,702
13.42,996.77,53.42
0.24

0,10,1,802
13.42,996.87,53.42
0.24

0,10,1,902
13.42,996.79,53.40
0.24

0,10,1,2
13.45,996.85,53.40
0.24

0,10,1,102
13.46,996.83,53.38
0.24

0,10,1,202
13.46,996.85,53.38
0.24

0,10,1,302
13.46,996.83,53.36
0.24

0,10,1,402
13.46,996.87,53.37
0.24

0,10,1,502
13.47,996.87,53.36
0.24

0,10,1,602
13.46,996.83,53.35
0.24

0,10,1,702
13.48,996.77,53.33
0.24

0,10,1,802
13.48,996.83,53.34
0.24

0,10,1,902
13.49,996.85,53.31
0.24

0,10,1,2
13.49,996.91,53.33
0.24

0,10,1,102
13.49,996.85,53.33
0.24

0,10,1,202
13.50,996.89,53.31
0.24

0,10,1,302
13.50,996.81,53.33
0.24

0,10,1,402
13.50,996.89,53.31
0.24

0,10,1,502
13.50,996.89,53.29
0.24

0,10,1,602
13.50,996.91,53.28
0.24

0,10,1,702
13.50,996.81,53.29
0.24

0,10,1,802
13.50,996.89,53.27
0.24

0,10,1,902
13.51,996.85,53.28
0.24

0,10,1,2
13.50,996.85,53.25
0.24

0,10,1,102
13.49,996.87,53.27
0.24

0,10,1,202
13.49,996.83,53.24
0.24

0,10,1,302
13.49,996.85,53.23
0.24

0,10,1,402
13.48,996.85,53.22
0.23

0,10,1,502
13.49,996.81,53.20
0.23

0,10,1,602
13.49,996.91,53.21
0.23

0,10,1,702
13.50,996.89,53.18
0.23

0,10,1,802
13.49,996.87,53.18
0.23

0,10,1,902
13.49,996.85,53.18
0.23

0,10,1,2
13.49,996.91,53.18
0.23

0,10,1,102
13.49,996.83,53.15
0.23

0,10,1,202
13.49,996.91,53.16
0.23

0,10,1,302
13.49,996.85,53.16
0.23

0,10,1,402
13.49,996.85,53.15
0.22

0,10,1,502
13.49,996.83,53.15
0.22

0,10,1,602
13.49,996.83,53.10
0.22

0,10,1,702
13.49,996.81,53.13
0.22

0,10,1,802
13.50,996.91,53.11
0.22

0,10,1,902
13.51,996.83,53.10
0.22

0,10,1,2
13.51,996.89,53.10
0.22

0,10,1,102
13.52,996.89,53.09
0.22

Data acquisition stopped from keyboard
